====================================================================
PrintStream  실습
====================================================================
학번	국어	영어	수학
--------------------------------------------------------------------
00001	100		 56		 91
00002	 81		 60		 72
00003	 54		 76		 64
00004	 71		 52		 66
00005	 63		 67		 97
00006	 71		 60		 81
00007	 51		 90		 55
00008	 75		 83		 57
00009	 52		 83		 85
00010	 71		 91		 97
====================================================================
====================================================================
PrintStream  실습
====================================================================
학번	국어	영어	수학
--------------------------------------------------------------------
00001	 51		 62		 84
00002	 53		 66		 84
00003	 55		 80		 70
00004	 72		 76		 95
00005	 62		 68		 78
00006	 77		 63		100
00007	 84		 82		 76
00008	 58		 90		 54
00009	 93		 53		100
00010	 71		 58		 61
====================================================================
====================================================================
PrintStream  실습
====================================================================
학번	국어	영어	수학
--------------------------------------------------------------------
00001	 88		 86		 67
00002	 62		 69		 85
00003	 71		 87		 54
00004	 99		 85		 66
00005	 79		 94		 74
00006	 86		 99		 92
00007	 58		 55		 62
00008	 90		 62		 59
00009	 98		 81		 65
00010	 70		 94		 55
====================================================================
====================================================================
PrintStream  실습
====================================================================
학번	국어	영어	수학
--------------------------------------------------------------------
00001	 92		 77		100
00002	 89		 72		 51
00003	 98		 52		 54
00004	 83		 88		 84
00005	 69		 85		 93
00006	 88		 81		 78
00007	 83		 55		 97
00008	 79		 96		 59
00009	 54		 81		 54
00010	 95		 71		 77
====================================================================
====================================================================
PrintStream  실습
====================================================================
학번	국어	영어	수학
--------------------------------------------------------------------
00001	 80		 89		 80
00002	 61		 53		 61
00003	 96		 66		 83
00004	 84		 92		 66
00005	 79		 88		 90
00006	 65		 88		 73
00007	 78		 87		 80
00008	 67		 96		 64
00009	 78		 72		 60
00010	 91		 89		 72
====================================================================
====================================================================
PrintStream  실습
====================================================================
학번	국어	영어	수학
--------------------------------------------------------------------
00001	 67		 97		 52
00002	 83		 80		 96
00003	 93		 54		 67
00004	 51		 77		 94
00005	 58		 58		 80
00006	 95		 65		 91
00007	 93		 69		 81
00008	 82		 90		 70
00009	 54		 69		 63
00010	 56		 62		 54
====================================================================
====================================================================
PrintStream  실습
====================================================================
학번	국어	영어	수학
--------------------------------------------------------------------
00001	 63		 90		 82
00002	 97		 88		 94
00003	 66		 97		 56
00004	 76		 97		 79
00005	 69		 51		 77
00006	 53		 59		 85
00007	 71		 77		 83
00008	 81		 92		 55
00009	 95		100		 68
00010	 70		 74		 75
====================================================================
